119
120
181
182
183
91
91
92
92
93
93
94
94
95
95
96
96
97
97
98
98
99
99
100
100
101
101
102
102
103
103
104
104
91
92
93
94
95
96
97
98
99
100
101
102
103
104
91
92
93
94
95
96
97
98
99
100
101
102
103
104
105
106
107
109
110
111
112
113
114
115
116
117
118
99
100
101
102
103
104
105
106
107
109
110
111
112
113
114
115
116
117
118
99
100
101
102
103
104
105
106
107
109
110
111
112
113
114
115
116
117
118
99
100
101
102
103
104
198
206
199
207
201
209
123
126
105
99
202
210
204
212
99
43
109
45
111
91
47
113
49
115
51
117
53
205
213
91
91
124
127
46
29
125
128
28
121
122
99
31
91
33
93
35
95
37
97
39
121
122
99
31
91
33
93
35
95
37
97
39
121
122
99
31
91
33
93
35
95
37
97
39
181
182
183
119
120
91
92
93
94
95
96
97
98
99
100
101
102
103
104
105
106
107
109
110
111
112
113
114
115
116
117
118
99
100
101
102
103
104
105
106
107
109
110
111
112
113
114
115
116
117
118
99
100
101
102
103
104
105
106
107
109
110
111
112
113
114
115
116
117
118
99
100
101
102
103
104
186
192
187
193
189
195
105
105
105
190
196
41
191
197
40
184
185
99
43
109
45
111
47
113
49
115
51
117
53
181
182
183
91
92
93
94
95
96
97
98
99
100
101
102
103
104
171
176
172
177
174
179
91
92
93
94
95
96
97
98
99
100
101
102
175
180
103
104
119
120
42
43
44
45
46
47
48
49
50
51
52
53
214
223
216
225
217
226
219
228
106
44
110
46
112
48
114
116
52
118
220
229
149
160
151
162
152
163
153
164
119
120
100
221
230
99
43
109
45
111
47
113
49
115
51
117
53
222
231
99
46
181
182
183
42
43
44
45
46
47
48
49
50
51
52
53
214
223
216
225
217
226
218
227
181
182
183
30
31
32
33
34
35
36
37
38
39
139
144
141
146
32
92
34
94
36
96
38
98
142
147
214
223
215
224
100
143
148
99
91
181
182
183
119
120
91
92
93
94
95
96
97
98
99
100
101
102
103
104
91
92
93
94
95
96
97
98
99
100
101
102
103
104
91
92
93
94
95
96
97
98
99
100
101
102
103
104
123
126
91
92
93
94
95
96
97
98
99
100
101
102
103
104
105
106
107
109
110
111
112
113
114
115
116
117
118
99
100
101
102
103
104
91
93
91
93
91
93
124
127
29
125
128
28
186
192
187
193
189
195
119
120
149
160
150
161
119
120
105
190
196
41
191
197
40
181
182
183
139
144
140
145
119
120
198
206
199
207
200
208
181
182
183
186
192
187
193
188
194
181
182
183
91
92
93
94
95
96
97
98
99
100
101
102
103
104
105
106
107
109
110
111
112
113
114
115
116
117
118
99
100
101
102
103
104
198
206
199
207
200
208
129
134
130
135
132
137
99
31
91
33
93
35
95
37
97
39
133
138
32
119
120
91
92
93
94
95
96
97
98
99
100
101
102
103
104
31
33
149
160
151
162
152
163
154
165
32
92
155
166
34
94
156
167
96
157
168
38
98
158
169
159
170
91
119
120
171
176
172
177
173
178
119
120
129
134
130
135
131
136
